1111111111111111111111111111111111111111111111111
1000000000000000000000000000000000000000000000001
1000000000000000000000000000000000000000000000001
1000000000000001111000000011110000000000000000001
1000000000000001111000000011110000000000000000001
1000000000000001111000000011110000000000000000001
1000000000000000000000000000000000000000000000001
1000000000000000000000000000000000000000000000001
1000000000000000000011000001110000000000000000001
1000000000000000000000000000000000000000000000001
1000000000000000110001111000000000000000000000001
1000000000000000000000000000000000000000000000001
1000000000000000000001111000000000000000000000001
1000000000000000000000000000000000000000000000001
1000000000000000000000000000000000000000000000001
1000000000000000000000000000000000000000000000001
1000000000000000000000111000000000000000000000001
1000000000000000000000000000000000000000000000001
1000000000000000000000000000000000000000000000001
1000000000000000000000000000000000000000000000001
1000000000000000000000000000000000000000000000001
1000000000000000000000000000000000000000000000001
1000000000000000000000000000000000000000000000001
1000000000000000000000000000000000000000000000001
1000000000000000000000000000000000000000000000001
1000000000000000000000000000000000000000000000001
1000000000000000000000000000000000000000000000001
1000000000000000000000000000000000000000000000001
1000000000000000000000000000000000000000000000001
1000000000000000000000000000000000000000000000001
1000000000000000000000000000000000000000000000001
1000000000000000000000000000000000000000000000001
1000000000000000000000000000000000000000000000001
1000000000000000000000000000000000000000000000001
1000000000000000000000000000000000000000000000001
1000000000000000000000000000000000000000000000001
1000000000000000000000000000000000000000000000001
1000000000000000000000000000000000000000000000001
1000000000000000000000000000000000000000000000001
1000000000000000000000000000000000000000000000001
1000000000000000000000000000000000000000000000001
1000000000000000000000000000000000000000000000001
1000000000000000000000000000000000000000000000001
1000000000000000000000000000000000000000000000001
1000000000000000000000000000000000000000000000001
1000000000000000000000000000000000000000000000001
1000000000000000000000000000000000000000000000001
1000000000000000000000000000000000000000000000001
1000000000000000000000000000000000000000000000001
1111111111111111111111111111111111111111111111111

